4294967279,105
4294967279,104
4294967279,103
4294967279,102
4294967279,86
4294967279,85
4294967279,81
4294967279,78
4294967279,77
4294967279,75
4294967279,72
4294967279,70
4294967279,64
4294967279,62
4294967279,61
4294967279,56
4294967279,54
4294967279,51
4294967279,49
4294967279,48
4294967279,46
4294967279,42
4294967279,39
4294967279,38
4294967279,34
4294967279,33
4294967279,31
4294967279,30
4294967279,28
4294967279,24
4294967279,22
4294967279,21
4294967279,19
4294967278,430
4294967278,403
4294967278,396
4294967278,55
4294967278,37
4294967278,25
4294967278,14
4294967278,13
4294967278,11
4294967278,5
4294967279,361
4294967279,528
4294967279,83
4294967279,553
4294967279,80
4294967279,53
4294967279,360
4294967279,514
4294967279,15
4294967279,14
4294967279,13
4294967278,431
4294967278,325
4294967279,351
4294967278,254
4294967278,253
4294967278,250
4294967278,240
4294967278,237
4294967278,236
4294967278,234
4294967278,232
4294967278,230
4294967279,349
4294967278,224
4294967278,222
4294967278,220
4294967278,218
4294967278,214
4294967278,212
4294967278,210
4294967278,209
4294967278,205
4294967279,200
4294967279,198
4294967279,195
4294967279,336
4294967279,193
4294967279,190
4294967279,189
4294967279,188
4294967279,186
4294967279,334
4294967278,182
4294967278,336
4294967279,181
4294967279,180
4294967278,305
316,6
316,5
316,4
316,3
316,2
316,1
4294967278,335
4294967278,443
4294967278,370
4294967279,371
4294967279,60
4294967279,58
4294967279,524
4294967279,165
4294967278,162
4294967279,162
4294967279,158
4294967279,333
4294967279,44
4294967279,292
4294967278,418
4294967278,442
4294967279,149
313,6
4294967279,151
313,5
313,4
4294967279,150
313,3
313,2
313,1
4294967279,370
4294967278,401
4294967279,145
4294967279,143
4294967279,369
4294967279,141
4294967279,140
4294967279,272
4294967279,136
4294967279,135
4294967278,441
4294967279,285
4294967278,330
4294967279,270
4294967278,440
4294967279,283
4294967279,357
4294967278,404
4294967279,277
310,6
310,5
4294967279,265
310,4
310,3
310,2
310,1
4294967279,264
4294967278,282
4294967278,422
4294967279,282
4294967279,319
4294967279,257
4294967279,255
4294967279,254
4294967278,428
4294967279,316
4294967278,363
4294967278,324
4294967279,368
4294967278,255
4294967278,321
4294967294,999
4294967294,170
4294967294,1012
4294967294,1014
4294967278,320
4294967278,248
307,6
4294967279,247
307,5
4294967278,246
307,4
307,3
307,2
307,1
4294967278,241
4294967278,238
4294967278,318
4294967279,231
4294967278,219
4294967294,1171
4294967294,179
4294967294,406
4294967294,414
4294967294,467
4294967294,448
4294967294,449
4294967294,437
4294967279,217
4294967278,427
4294967279,214
4294967279,156
4294967278,317
4294967279,308
4294967278,211
4294967278,358
4294967279,210
4294967279,209
304,5
304,4
304,3
304,2
304,1
4294967278,394
4294967278,201
302,4
302,3
302,2
302,1
4294967279,196
4294967278,197
4294967278,439
4294967278,196
301,6
301,5
4294967278,191
301,4
301,3
301,2
301,1
4294967278,190
4294967294,493
4294967279,187
300,5
4294967278,185
300,4
4294967278,184
300,3
300,2
300,1
4294967279,184
4294967279,183
4294967279,359
4294967279,68
4294967279,66
4294967279,546
4294967279,178
4294967279,177
4294967278,173
299,5
299,4
4294967278,175
299,3
299,2
299,1
4294967278,302
4294967279,175
4294967278,386
4294967279,172
4294967278,57
4294967278,169
4294967279,367
4294967279,59
4294967278,58
4294967278,387
4294967278,346
298,5
4294967278,168
4294967279,168
298,4
298,3
298,2
298,1
4294967279,543
4294967278,166
4294967279,166
4294967294,492
4294967279,163
4294967278,52
4294967278,369
4294967279,564
4294967279,523
4294967278,163
4294967294,468
4294967278,298
4294967279,161
4294967279,160
4294967294,491
4294967294,1095
4294967294,99
4294967279,43
4294967279,45
296,4
296,3
296,2
296,1
4294967279,521
0,7
4294967278,368
4294967294,0
4294967294,387
4294967294,388
4294967279,366
4294967278,426
4294967279,41
4294967279,520
4294967278,414
4294967294,393
4294967294,389
4294967294,390
4294967294,114
4294967294,115
4294967294,424
4294967294,120
4294967278,376
4294967279,291
4294967278,295
4294967294,478
4294967279,342
4294967294,89
4294967279,36
4294967278,334
4294967279,563
4294967294,395
4294967294,409
4294967294,1000
4294967294,399
4294967294,1416
4294967294,178
4294967294,385
4294967294,167
4294967294,398
4294967294,415
4294967294,1175
4294967294,183
4294967294,169
4294967294,402
4294967294,463
4294967294,400
4294967294,455
4294967294,458
4294967294,2
4294967294,107
4294967279,142
4294967279,289
4294967294,68
4294967294,11
4294967278,405
4294967279,27
4294967279,25
4294967279,17
4294967279,12
4294967279,11
4294967279,288
4294967278,132
4294967278,408
4294967278,130
4294967278,129
4294967278,128
4294967278,127
4294967278,126
4294967278,125
4294967278,124
4294967278,123
4294967278,122
4294967278,121
4294967278,247
4294967278,119
4294967278,118
4294967278,117
4294967278,116
4294967278,115
4294967278,319
4294967278,114
4294967278,113
4294967278,417
4294967278,112
4294967278,416
4294967278,111
4294967278,110
4294967278,407
4294967278,106
4294967278,104
4294967278,102
4294967278,101
4294967278,100
4294967278,99
4294967278,96
4294967278,94
4294967278,93
4294967278,92
4294967278,91
4294967278,90
4294967278,89
4294967278,389
4294967278,87
4294967278,86
4294967278,84
4294967278,81
4294967278,310
4294967278,79
4294967278,78
4294967278,76
4294967278,75
4294967278,70
